47059631
  47059653
    47059678
  47059680
    47059690
    47059999
      47060005
      47060011
      47060012
      47060013
      47060014
      47060015
      47060016
      47060017
      47060018
      47060019
      47060020
      47060021
      47060022
      47060023
      47060024
      47060025
      47060026
      47060039
      47060041
      47060027
      47060028
      47060029
      47060030
      47060031
        47060037
      47060043
      47060044
      47060045
      47060046
      47060047
      47060048
      47060049
      47060050
      47060051
      47060052
      47060053
      47060054
      47060055
      47060056
      47060057
      47060058
      47060059
      47060060
      47060061
      47060062
      47060063
      47060064
      47060065
      47060066
      47060067
      47060068
      47060069
      47060070
      47060071
      47060072
      47060073
      47060074
      47060075
      47060076
      47060077
      47060078
      47060079
      47060080
      47060081
      47060082
      47060083
      47060084
      47060085
      47060086
      47060087
      47060088
      47060089
      47060090
      47060091
      47060092
      47060093
      47060094
      47060095
      47060096
      47060097
      47060098
      47060099
      47060100
      47060101
      47060102
      47060103
      47060104
      47060105
      47060106
      47060107
      47060108
      47060109
      47060110
      47060111
      47060112
      47060113
      47060114
      47060115
      47060116
      47060117
      47060118
      47060119
      47060120
      47060121
      47060122
      47060123
      47060124
      47060125
      47060126
      47060127
      47060128
      47060129
      47060130
      47060131
      47060132
      47060133
      47060134
      47060135
      47060136
      47060137
      47060138
      47060139
      47060140
      47060141
      47060142
      47060143
      47060144
      47060145
      47060146
      47060147
    47060149
      47060151
      47060152
      47060153
      47060154
      47060155
      47060156
      47060157
      47060158
      47060159
      47060160
      47060161
      47060162
      47060163
      47060164
      47060165
      47060166
      47060167
      47060168
      47060169
      47060170
      47060171
      47060172
      47060173
      47060174
      47060175
      47060176
      47060177
      47060178
      47060179
      47060180
      47060181
      47060182
      47060183
      47060184
      47060185
      47060186
      47060187
      47060188
      47060189
      47060190
      47060191
      47060192
      47060193
      47060194
      47060195
      47060196
      47060197
      47060198
      47060199
      47060200
      47060201
      47060202
      47060203
      47060204
      47060205
      47060206
      47060207
      47060208
      47060250
      47060209
      47060210
      47060211
      47060212
      47060213
      47060214
      47060215
      47060216
      47060217
      47060218
      47060219
      47060220
      47060221
      47060222
      47060223
      47060224
      47060225
      47060226
      47060227
      47060228
      47060230
      47060231
      47060232
      47060233
      47060234
      47060235
      47060236
      47060237
      47060238
      47060239
      47060240
      47060241
      47060242
      47060243
      47060244
      47060245
      47060246
      47060247
      47060248
      47060249
      
      